function [p,y,m]=kilom(k)
p=3280.839895.*k;
y=1093.613298.*k;
m=0.621371192.*k;
end